115.48569248858342
104.50380895068405
109.46061066998921
111.53655564099722
107.67929566027827
106.17606997160414
109.41462747638322
107.04121042818109
115.76501668420126
115.6143155645566
114.94735908990806
106.23018149605247
111.8538642939136
113.14811393557099
106.51120605075592
109.9735600211207
110.36756509863542
121.80671067645493
100.54361586906131
114.90276377554117
103.03221423195701
111.21756326036642
109.43180055224269
110.61123294538582
110.56269655125281
117.31517581892889
118.86251059091686
102.36143895239552
112.37098999909226
105.48452904421528
122.15941874260933
106.64277539536936
109.87875132627836
117.6034759807317
112.1003752900013
111.36673130051754
111.47631631317009
106.19175607885666
115.93293541485522
118.74428165707398
112.21151225375937
111.9243450612216
105.4062106752565
112.3607743868237
115.09237426425358
101.73028607970429
119.13746366351765
111.3597957407247
109.378503701788
112.6073795859115
106.12599890501183
107.86884239520343
111.755752933103
114.40101478030556
108.70551906031659
104.24442590908352
108.09175757101977
118.60482854951684
113.94452826631556
120.21423454095712
113.53381863054142
113.3988974104841
111.16503685948248
109.9257537461107
109.87860363223564
107.73773936339632
114.79016957949327
115.92517818610706
107.32977795469209
109.05136172758283
119.75083694560487
111.75725523404127
104.69244923064457
114.39530851872254
110.564012468626
105.56465111455344
100.64877080818296
115.60897747045287
102.56276878119513
117.92340637819461
106.67698065912771
117.83561169977723
115.81143141695543
111.56244892850069
113.45802643267287
107.69505364979332
106.30149045224587
108.92412795463156
107.99083252532711
109.09123886653533
103.92537444092726
111.80536593827696
107.57464686800746
108.45445958695625
112.82088058475662
99.44579808054213
96.34221402024157
99.69159137626164
109.24631151445304
115.43726283470568
109.25801190725018
118.39866028764526
111.85487838366123
108.12334730469006
114.53866292083974
111.44661604871793
120.17612789612173
119.16481263676037
117.63825304290137
117.02249845858985
108.67624882655596
116.15661467065331
108.7257190860098
103.10419093934367
113.56460854723754
105.64224846563336
110.03694432198627
112.48416250470233
115.88111858980068
104.42776615137181
109.2868197958075
107.55866894992468
113.26145777340143
110.13368021189173
110.18713071930713
127.0394309016377
112.18046856146013
104.68410808144097
113.00248031215983
110.07351363695857
103.34916241474461
114.13049628611117
105.91567223585888
111.03689973583406
99.39042299345103
109.74347953364992
102.56942032622607
118.18863124372848
107.20522073969701
108.2290166441266
112.03288584402604
101.68181138107211
106.64733967688151
113.30289007577167
100.11607902886503
111.031596353193
113.39023100051324
110.86703307695583
105.5474977507599
108.52842293161294
115.25135097131944
101.6722534875414
102.59839170395944
122.1801382540339
111.59243181536635
109.389586482226
117.74989836771017
110.51936290920857
112.29953543290134
110.92848892341225
107.69960038421023
107.3995105144657
110.2331631799596
116.58856264458733
104.69010250228506
105.74974236929454
113.26676468570922
99.21315347824404
104.60831529676916
111.48970585816762
103.18600123538812
106.90674643413591
110.4883418301771
102.97014938004762
113.8119140460562
110.32746184432544
114.36676278751372
103.59777684041755
106.00574367275301
111.82876862252245
118.38409448841297
108.47339444666989
103.18730367803013
105.95694622241687
106.22541839081566
105.7729356500786
107.87846316247374
108.39299529998613
104.74115130089635
103.89224774423768
107.51724234025096
102.20873170490037
107.86995241593233
115.46441025833809
108.07533582540077
102.89626791276677
108.23320807814095
104.97658665296116
109.03978649225066
108.20899015133558
114.78827115704033
112.41250703637542
106.9095212959497
110.44983296029912
110.34218082738813
105.9850597940059
103.4155075021949
108.5954801958056
104.65387336088402
109.20167082654892
115.33526896152671
115.38123722512135
109.29371658318172
100.03064355954598
116.53129892641995
106.64109038034509
106.38207972598788
107.44609417411787
99.92121594409724
95.89305347169602
113.61509722851548
109.143546246083
109.2538798947091
116.17009501725673
98.31463009344586
116.37965461782579
101.46157820826116
104.964680717163
101.70668315691226
110.32852734634234
111.85451910658765
106.26644117976873
114.99729398103922
106.21899735980392
106.55008417329732
112.08396481724836
112.52371216149307
106.89917316666426
105.15597722847352
100.97685334517443
105.71414701408324
111.35998202504652
124.17283738632206
113.84494920893289
109.31529698918001
102.54132081871826
107.6565766344853
117.92082856915236
107.72583358606168
107.28971520966427
112.89053984739976
113.30453579972463
117.18715631614252
105.90357941153962
112.54948857317517
110.68481477002317
106.392492511428
109.915706271056
114.39832743490204
111.73830372404073
103.2817897075505
110.24065743844791
107.8403641036575
108.83683082528273
116.70529672538396
116.65564497297797
104.41970703964564
108.6635509642375
113.52427886767963
110.66171965247688
109.64385735003553
120.62506019747546
106.13863601253175
114.15802876077545
108.92634547195051
117.06279497527808
117.4704971475382
108.45070999449653
104.6819296306178
113.74125776593867
105.89847467129593
108.42639863023402
116.18231196153701
105.75697191330487
109.20093270216056
109.58340651418288
112.5769226731805
111.13920894349636
101.13369382069124
114.89692525121302
118.47535734076409
111.02765189579945
108.70786507100424
109.16547297322944
105.78668019875967
110.74013779561797
120.91440972301803
107.99035802871967
114.24493999834729
111.73579526012932
112.73689444912267
120.26695923233939
104.85640377974313
113.5371158581581
109.63134528693614
111.8692432458133
105.6639418181051
113.29601167117649
108.40810150530788
112.05473640356735
107.53770428688081
109.74538612564346
114.68337535573076
116.45451024530912
113.8489096470085
109.31245754400608
117.66576578991877
111.7305791297176
108.5875356090955
106.87052930349138
110.89272385134514
105.5494746997969
108.06880128469423
110.55125609166775
107.17441640529131
107.4595505474502
106.99065068574693
104.22439198815941
113.3453175886967
112.39509062203756
116.3739452170131
120.35885198447023
109.38148205939787
104.76161344011638
103.94058868813146
113.46735964572193
109.41958788245313
111.13161906803687
108.89232358125156
108.76531549928853
105.4287523666709
101.26369347690252
102.54058338762803
95.67038347617405
107.43317012596034
111.17460144767209
102.05440357179094
111.99440257288364
110.90035965462575
101.21615476980878
106.4769803003885
109.24250398680896
116.44041483513526
99.27953011783443
113.20852642497633
111.80271033119305
112.72978859081358
103.54555778211706
114.56170660181536
107.988544620224
113.36441100044826
119.34171053265419
113.40172213880004
114.31237430745827
115.11998941041871
116.11303258332178
101.99614485122012
107.10032677665751
107.52630752301314
102.71087638667444
97.55876087179801
104.49628369530917
111.38826920506372
104.75943758987106
118.19821913011194
103.75377429739385
115.5890897290896
102.00905737647916
109.81933651777251
104.70431189943953
112.8592498374375
112.3159508648404
112.25553137526833
107.7192012066115
109.27667722872576
115.67391843356535
106.47817125321794
116.7954592186986
119.17102550381755
113.09268101112704
109.3092814250912
113.87029507208003
101.68281692361721
109.6452248572556
101.63291237294267
118.0267529771201
116.71723491427738
103.32167242239662
102.69646336986357
112.87825968603408
110.96623720197732
104.93036771374565
115.47403185723569
106.91603752394332
112.62501462417403
103.77238790790734
110.49584385161002
112.089624927017
102.59093404034321
114.3772858112149
108.00401904352725
121.31361143617815
104.56465853145396
102.89377589939633
116.0274888603022
120.39997859397434
117.37748965298397
116.2612563661784
111.11825818573926
105.95543868498086
106.61927713662365
108.26494745231379
115.92101675483867
111.4246575659046
109.87731342374826
115.04235152049115
115.23808572209302
107.04347269785502
108.30863788002158
110.59799905828336
108.16936975704621
111.22361342121711
114.8990807368045
107.8221603098028
115.2890695652041
103.70186125356985
106.04900032252014
110.21355677014671
112.85963358223628
108.25929720292825
110.26413876284096
108.70208503587624
109.2210580996997
107.40093221214514
111.93945930212108
115.04988404855108
113.89434922232446
107.55564377030997
119.43947262860559
112.88789396539653
113.44859814175427
112.705240381073
112.50898267661353
103.45940883620352
111.91432179238305
107.27014976801314
111.68802414552083
111.2323234062809
108.91787088676475
102.94060153713151
105.60649591671404
103.51380767042806
111.5149253294963
112.78756071324523
107.11992796734819
112.3707900801402
112.32846686635087
100.27027109251956
109.63116632474916
105.31103911883925
109.84750933618253
118.06994071999058
104.43476596383468
103.96630333379287
109.67854195182512
111.88959906594765
102.35982419745136
107.9221470577563
105.85407433579579
114.66271355140834
115.38692368068504
113.83845493547766
103.16761349034662
110.33633336333115
104.22217965883593
108.47888867039161
109.74698508613884
112.40383939808018
106.22773720294126
113.0684333329896
103.9141229129755
105.33345219217159
108.61568252051104
109.68819490603
101.45324261423332
114.3052128164381
103.6296363878253
107.30339590532535
110.19370999150965
105.62778834559656
110.9919266868897
106.68431888723849
107.58735917336209
107.13850677452324
106.78639198258283
112.77982919158757
106.46696136400129
114.4880182437821
107.43134908702875
118.87893213005145
100.89405223631351
107.06890736119574
113.87161113240012
100.90365181689128
114.01049407578233
104.70168447494021
105.07545214610172
107.63937764329094
110.41172244899501
114.61243466643792
105.68558331364383
106.8536260301912
105.85796272366112
112.70515290186998
102.45898023381487
104.05274535451953
104.10346286724027
120.35738252813202
112.96596553011469
106.90763708761605
114.89186391923303
101.76772915953306
116.46141017052922
109.75425763852901
106.62321562042054
116.81005685900764
106.68537026585189
100.31800005901694
111.59136398543023
114.56841315682152
105.77460480552183
108.66882649892507
100.88905826490276
118.53294025290725
113.18196545309185
116.7224813329751
107.98817534624833
105.18700497617849
105.2545045331518
110.36701287114364
101.18195441551634
113.30663589820982
114.3159579154896
115.9755413505985
106.32129416390183
113.29579172437585
112.14507041528095
103.18376582087686
107.90254774096194
111.8712041224843
107.34230627061997
108.35249169615595
110.98768557781983
107.08755849427625
104.75876421757772
107.98342065499993
115.41537479218059
109.55504867852184
114.47025507739967
110.34451940696195
117.29976683529378
109.58368863191612
119.550597641191
106.97049414640082
110.28256776533945
115.61677679458255
108.69928897062528
109.78864762030486
104.02336409250401
111.55574144757362
111.73129357812914
117.01977474719439
117.27028379057751
109.71642024405784
109.60681009828741
115.58977166373215
104.97651276416539
111.60062366900587
110.32359486850763
110.2341832687136
109.17983909017465
111.06922561394491
113.98550200178491
109.60605948389461
102.77151115487615
102.15181303223633
111.83939274943282
107.42214424904074
111.89794176761279
110.01973973899064
124.94498738326432
106.27287230075788
108.53906595781189
109.21094679275453
108.68486514319018
109.47315121564577
116.84483768616056
102.93997039192031
108.04380058359082
115.57787266556257
101.14083532067279
109.15375445429133
111.93171103629439
106.64003418105875
112.94204983394692
114.17445864451095
112.48503135623234
109.27921604392299
108.63316664261765
113.16319990278262
108.66301714982768
111.93475155832834
118.21764010473755
105.08272280152333
110.0576543324311
113.58248170932454
105.61742717265146
102.62960468976577
109.5498744318605
119.48249835664885
106.73873380390127
105.30682055550774
101.90493219029787
109.21367688020355
108.82095693418891
107.18310926131124
111.366480116292
110.258818707809
111.12464372851689
106.40010022308347
114.8640170754661
112.86669557763695
101.20897884408048
107.72938653417977
110.03749995808006
118.44173933235857
110.93374266413649
108.76923737190955
120.34132447867016
118.4207536791724
116.34897072233858
107.23667167340754
116.5085586875917
111.12011470617797
109.13502474209345
105.96039069248128
115.55624307054656
112.59245726741885
102.40211054175154
102.12699320784343
102.62495789998847
108.97248884435572
109.73146599332722
115.26711085512974
109.57426272778767
113.09933180231371
116.52533088981654
109.51273745093602
109.85056327972272
117.80141837243544
105.93342231011492
125.19214880081731
101.7357425654628
112.69635879666183
100.25930449890805
111.54615316933977
114.56913106884652
113.22207290960507
115.0137776767131
119.60445726723287
109.24644567719928
114.31079302274237
112.9797006391724
104.83439182236559
115.69517360074015
110.41230512371986
114.46169165119097
99.57760797510534
108.70349438521595
113.32756088884283
115.10138043412539
108.43921306613305
109.44500014400934
100.63494761245884
107.50147099014775
115.74825306690616
112.90532839100716
111.32082149245133
118.91232997904937
103.49279725079916
107.98721750951987
111.64820746046784
117.4362850062777
106.41752246959769
112.97023943049516
101.71697248937724
107.02012442541402
102.92273258373726
98.94245167379435
117.61735303101483
114.64511015579659
120.19394976395179
115.35491690202922
106.94972608595981
117.58360646026492
118.88613493809862
104.35376128159588
108.206018053391
103.47477106863441
106.90697315430073
119.85754163777189
113.62555759130908
109.56992840863637
115.39032887247059
111.05070665179694
120.06193851284272
112.98010093980736
113.62540444871671
107.42589859987436
106.03058295457157
111.25929195850038
107.7250543203969
114.49693912549117
105.07902734239136
104.27798042179982
111.98389377851595
110.35889475219788
116.75200267549302
117.57129784255497
114.29190221045705
110.72773130799386
104.80738889186472
113.55784839610057
115.41668389342011
114.99648390623213
114.91245330328492
113.79300331470705
104.5311897967016
110.45108088778024
115.392783664905
111.79726157085463
104.23151311871919
113.08325307604422
108.60382623127973
101.42662183561077
108.39542521326813
106.79667165992028
103.18328037342755
103.74208039981602
111.49951881803044
111.8430440039881
117.82550727554616
105.45441864169433
116.22206983944656
109.00297660799397
111.07952172972108
100.57299021571414
111.17717091432735
108.05999029853547
108.63951155654543
111.04153119618879
101.66793749475143
113.4500501019809
103.05528957614173
106.85430822566927
110.27864679528206
109.25465109625615
113.11476715113308
117.40781524258502
105.90630984898254
110.25297311898258
111.95432367002341
115.81711409933646
110.2747151321209
113.53165446636129
107.3967528489517
106.69359629218125
109.67205883443836
111.94777368960456
106.95725191072415
114.79368239674608
108.82995074105617
113.56944282513663
103.518375915963
109.27456143996443
109.7981525926745
107.05246203004083
107.20540950845684
109.35328012224713
109.56032288008579
100.22777181795618
115.63359347750294
112.17734406331351
110.56740536737179
109.36688528576528
105.85909155048985
111.08732627571541
109.9556642188715
98.4402128002
111.66415266240226
109.88644406517327
110.67889778189873
114.94001543939518
109.0406800278052
111.8991907451191
115.52048713252599
114.02099089446507
106.2911732236126
111.6770271050739
117.44741132990193
113.84428553416696
100.90976279725473
106.3364667103467
105.45667746564787
115.15783086878814
111.9593065340156
104.15193360681006
110.60545094874439
114.07086636576757
108.94408773269495
112.74441483970412
111.53110754380796
101.4341438634552
113.9286300950375
109.63993534269615
104.88789277780997
110.0602322247324
107.66817433609802
107.32231111406013
113.11846959658133
99.85299694169974
107.42340707504351
107.2447006332365
108.35887604299101
106.76153925130586
113.24288202597721
111.33109991086066
116.44671403442632
115.46244940884112
106.82737647881008
109.93517169886951
106.5562240464423
117.48063858442073
115.15591248199961
107.86354083392348
102.53088739451289
109.43754574128585
105.86516504240713
110.06454771867823
101.63494228900448
127.66116080292805
116.19176824124641
107.29668386299434
101.65056773932763
103.69356595549775
118.14272590834321
113.01986236480708
112.90137916516039
116.93237391475456
118.77930071126579
114.54267891365195
108.95838428815634
112.78223311488894
99.24934087330914
115.39147036593882
109.37962404411874
105.90311960065652
116.90366083272073
110.77145551581445
110.1685885893184
116.75174579974392
103.88975448778777
107.8451823503255
101.99863666547374
122.33028284334658
112.43345440670389
110.86602160391101
113.6875985347728
113.77514576722555
97.59213448231388
117.43162808185639
117.20409258640525
111.33823616936222
110.91758495097308
114.67476077337788
109.99769825556258
114.70301518558878
116.51340100035262
109.96049396251358
106.56734668094812
107.5462776401184
117.45238452543252
116.36292199286355
108.29084469070459
119.87448545533378
110.16358203869208
107.81360100711719
116.47091109629885
108.49985677041813
101.9187083869642
98.93356312094295
109.05809197209231
105.33983552564642
104.67650854393415
108.12912906853694
112.26732460062162
109.76532765125835
113.59386619753943
120.06217916535427
111.62482815945512
106.06751462049026
110.02249088024476
109.40382036202762
110.81806737067065
108.11460262180172
102.38996222598955
111.4151203899408
107.28291176756153
111.58316897708349
103.0528511000004
112.09641402200874
105.05160187733333
113.52239710373036
101.5907594902414
114.72382365165697
105.15265144074398
111.39633791490633
112.41507193480211
102.28901340833801
117.08899154406309
113.09303952104011
109.90681648352796
104.43692214434923
115.41203683440216
104.47272598926261
109.41767279201464
113.33582086606175
103.34919927057749
107.93546651223292
115.5333408182791
106.02479441238965
108.40615293181926
115.30306289371175
108.00976122217324
109.5674855917688
113.65791023670117
102.02258173149198
113.06702121106206
97.62088623209792
113.51132026381066
103.65132230701234
105.44447556245359
110.66984226728295
107.34626246785879
110.05907249262063
116.27487430977853
105.11116831606282
110.73292922448078
103.47573833081294
107.00442092003881
103.89324767815918
112.07220225069635
111.36175081261207
112.96855613991575
110.12316967336183
115.08720704473751
109.2809186007333
111.76618719221797
113.9352963269092
101.98909086268455
117.02114692416622
112.24088674004662
105.09510426345301
105.89323668262928
113.84385798735096
101.17010443492455
118.24310900883388
117.78852461977559
110.36645716430807
109.04970980934694
121.77665554370628
112.66091952132496
112.28068973777982
112.85984864052033
111.45734630994896
109.52605064953697
106.39757861585724
110.46048922612718
109.90075290365435
109.65336313646617
